3
48
0.422372 0.731919
0.427194 0.734812
0.433944 0.736741
0.43973 0.739634
0.44648 0.740598
0.451302 0.743491
0.457088 0.744455
0.461909 0.746384
0.467695 0.747348
0.472517 0.749277
0.479267 0.750241
0.485053 0.75217
0.491803 0.753134
0.497589 0.755063
0.503375 0.755063
0.51109 0.756991
0.516876 0.757956
0.522662 0.75892
0.529412 0.759884
0.538091 0.75892
0.543877 0.760849
0.551591 0.762777
0.558341 0.762777
0.566056 0.762777
0.571842 0.762777
0.577628 0.761813
0.583414 0.761813
0.590164 0.760849
0.596914 0.760849
0.604629 0.759884
0.611379 0.759884
0.618129 0.75892
0.623915 0.75892
0.63163 0.756991
0.639344 0.756027
0.647059 0.755063
0.653809 0.755063
0.660559 0.753134
0.66731 0.75217
0.67406 0.749277
0.681774 0.747348
0.689489 0.745419
0.695275 0.742527
0.700096 0.740598
0.705882 0.737705
0.712633 0.735776
0.718419 0.732883
0.725169 0.72999
96
0.767599 0.641273
0.777242 0.634523
0.784957 0.627772
0.789778 0.623915
0.7946 0.619094
0.800386 0.613308
0.806172 0.604629
0.811958 0.59595
0.817743 0.587271
0.823529 0.580521
0.826422 0.574735
0.83028 0.56702
0.835101 0.556413
0.837994 0.548698
0.839923 0.541948
0.844744 0.532305
0.847637 0.523626
0.848602 0.516876
0.849566 0.506268
0.851495 0.500482
0.852459 0.492768
0.85053 0.48216
0.848602 0.472517
0.848602 0.462874
0.847637 0.454195
0.844744 0.44648
0.842816 0.440694
0.840887 0.434908
0.83703 0.42623
0.833173 0.417551
0.83028 0.411765
0.827387 0.405979
0.822565 0.3973
0.816779 0.389585
0.810029 0.379942
0.803279 0.371263
0.798457 0.362584
0.792671 0.35487
0.788814 0.349084
0.783028 0.343298
0.778206 0.338476
0.77242 0.333655
0.767599 0.329797
0.762777 0.326905
0.756991 0.323047
0.751205 0.31919
0.743491 0.314368
0.735776 0.310511
0.728062 0.304725
0.718419 0.297975
0.707811 0.292189
0.699132 0.289296
0.690453 0.286403
0.681774 0.282546
0.67406 0.27676
0.66731 0.272903
0.657666 0.27001
0.648023 0.268081
0.640309 0.267117
0.63163 0.265188
0.621986 0.264224
0.615236 0.263259
0.60945 0.261331
0.600771 0.258438
0.592093 0.256509
0.586307 0.256509
0.575699 0.255545
0.569913 0.254581
0.558341 0.253616
0.550627 0.251688
0.540984 0.251688
0.532305 0.250723
0.52459 0.250723
0.518804 0.251688
0.512054 0.251688
0.503375 0.252652
0.494696 0.252652
0.486017 0.252652
0.478303 0.253616
0.471553 0.253616
0.464802 0.254581
0.454195 0.256509
0.44648 0.258438
0.437801 0.259402
0.429122 0.260366
0.421408 0.262295
0.413693 0.263259
0.405979 0.265188
0.399229 0.267117
0.393443 0.269045
0.387657 0.27001
0.378978 0.271938
0.367406 0.275796
0.357763 0.280617
0.350048 0.284474
0.343298 0.289296
68
0.288332 0.352941
0.28351 0.356798
0.278689 0.360656
0.274831 0.364513
0.270974 0.369335
0.267117 0.373192
0.261331 0.378978
0.256509 0.384764
0.250723 0.391514
0.244937 0.3973
0.239151 0.403086
0.23433 0.4108
0.229508 0.419479
0.224687 0.42623
0.218901 0.435873
0.215043 0.441659
0.211186 0.448409
0.209257 0.45323
0.207329 0.458052
0.2054 0.462874
0.201543 0.471553
0.19865 0.479267
0.196721 0.486017
0.194793 0.495661
0.192864 0.500482
0.190935 0.510125
0.190935 0.51784
0.189971 0.527483
0.189971 0.533269
0.189007 0.539055
0.188042 0.548698
0.190935 0.558341
0.192864 0.564127
0.193828 0.57377
0.194793 0.579556
0.196721 0.585342
0.19865 0.591128
0.201543 0.596914
0.204436 0.6027
0.207329 0.607522
0.211186 0.612343
0.214079 0.617165
0.216972 0.621986
0.219865 0.626808
0.225651 0.635487
0.232401 0.644166
0.236258 0.648023
0.243009 0.656702
0.246866 0.660559
0.250723 0.664417
0.254581 0.668274
0.260366 0.671167
0.265188 0.675024
0.270974 0.678881
0.27676 0.683703
0.28351 0.688525
0.29026 0.693346
0.297975 0.698168
0.306654 0.702025
0.314368 0.705882
0.321119 0.70974
0.329797 0.712633
0.334619 0.714561
0.340405 0.71649
0.346191 0.719383
0.351013 0.721311
0.355834 0.72324
0.363549 0.725169

3
1
0
1
1
1
2

0 1 2 3 4 5
