10
40
0.245794 0.64486
0.241121 0.642056
0.237383 0.638318
0.233645 0.633645
0.229907 0.627103
0.226168 0.623364
0.22243 0.619626
0.218692 0.614953
0.214953 0.609346
0.211215 0.603738
0.207477 0.598131
0.204673 0.591589
0.202804 0.586916
0.2 0.580374
0.197196 0.574766
0.195327 0.570093
0.193458 0.562617
0.191589 0.55514
0.18972 0.550467
0.18785 0.545794
0.186916 0.538318
0.185047 0.53271
0.183178 0.528037
0.181308 0.521495
0.178505 0.514953
0.176636 0.51028
0.174766 0.502804
0.171963 0.498131
0.170093 0.493458
0.168224 0.488785
0.166355 0.481308
0.162617 0.475701
0.159813 0.470093
0.157944 0.464486
0.156075 0.457944
0.154206 0.453271
0.151402 0.447664
0.149533 0.442991
0.147664 0.438318
0.145794 0.433645
35
0.291589 0.672897
0.296262 0.678505
0.301869 0.682243
0.306542 0.684112
0.311215 0.685981
0.314953 0.68972
0.318692 0.693458
0.323364 0.696262
0.328972 0.699065
0.334579 0.702804
0.340187 0.706542
0.345794 0.708411
0.351402 0.71028
0.357009 0.713084
0.362617 0.714953
0.368224 0.716822
0.373832 0.719626
0.379439 0.72243
0.384112 0.724299
0.38972 0.727103
0.395327 0.728972
0.400935 0.731776
0.405607 0.734579
0.411215 0.737383
0.416822 0.738318
0.421495 0.740187
0.426168 0.742056
0.431776 0.74486
0.437383 0.745794
0.442056 0.747664
0.447664 0.750467
0.452336 0.752336
0.457009 0.754206
0.461682 0.757009
0.466355 0.759813
32
0.321495 0.302804
0.315888 0.303738
0.31028 0.304673
0.303738 0.305607
0.299065 0.307477
0.294393 0.31028
0.28972 0.314019
0.284112 0.316822
0.27757 0.318692
0.272897 0.321495
0.26729 0.325234
0.262617 0.328037
0.257944 0.329907
0.253271 0.33271
0.247664 0.336449
0.242991 0.339252
0.238318 0.341121
0.233645 0.343925
0.227103 0.346729
0.22243 0.349533
0.217757 0.352336
0.213084 0.35514
0.208411 0.357944
0.203738 0.360748
0.198131 0.364486
0.192523 0.368224
0.18785 0.371028
0.183178 0.375701
0.17757 0.379439
0.171963 0.383178
0.16729 0.386916
0.161682 0.38972
30
0.327103 0.262617
0.331776 0.264486
0.337383 0.265421
0.342991 0.26729
0.347664 0.269159
0.352336 0.271028
0.357009 0.272897
0.361682 0.274766
0.366355 0.27757
0.371963 0.281308
0.37757 0.284112
0.382243 0.288785
0.386916 0.292523
0.390654 0.297196
0.394393 0.301869
0.398131 0.307477
0.401869 0.31215
0.403738 0.316822
0.406542 0.32243
0.409346 0.328037
0.411215 0.334579
0.41215 0.340187
0.41215 0.346729
0.41215 0.353271
0.411215 0.358879
0.411215 0.365421
0.41215 0.371963
0.41215 0.378505
0.411215 0.385047
0.411215 0.391589
24
0.684112 0.145794
0.67757 0.148598
0.672897 0.150467
0.66729 0.154206
0.661682 0.157944
0.65514 0.160748
0.649533 0.162617
0.64486 0.165421
0.639252 0.169159
0.634579 0.171028
0.628037 0.171028
0.621495 0.172897
0.616822 0.175701
0.61028 0.179439
0.605607 0.181308
0.6 0.183178
0.595327 0.186916
0.590654 0.190654
0.585981 0.194393
0.581308 0.198131
0.576636 0.201869
0.571963 0.205607
0.568224 0.209346
0.563551 0.213084
27
0.724299 0.169159
0.730841 0.16729
0.737383 0.165421
0.742991 0.164486
0.748598 0.163551
0.753271 0.161682
0.758879 0.159813
0.763551 0.157944
0.769159 0.157009
0.774766 0.15514
0.780374 0.152336
0.785047 0.149533
0.78972 0.147664
0.794393 0.145794
0.799065 0.142991
0.804673 0.140187
0.811215 0.136449
0.816822 0.13271
0.821495 0.128972
0.825234 0.125234
0.830841 0.121495
0.835514 0.117757
0.840187 0.113084
0.843925 0.109346
0.848598 0.105607
0.853271 0.103738
0.858879 0.1
26
0.641121 0.239252
0.636449 0.237383
0.630841 0.234579
0.625234 0.231776
0.619626 0.228972
0.614953 0.225234
0.61028 0.22243
0.605607 0.219626
0.6 0.216822
0.594393 0.214953
0.58972 0.213084
0.584112 0.21028
0.578505 0.21028
0.571963 0.21028
0.566355 0.209346
0.559813 0.209346
0.553271 0.21028
0.546729 0.21028
0.541121 0.21028
0.534579 0.211215
0.528037 0.213084
0.52243 0.213084
0.515888 0.214953
0.51028 0.215888
0.503738 0.217757
0.496262 0.219626
35
0.654206 0.303738
0.658879 0.309346
0.663551 0.314019
0.668224 0.317757
0.671963 0.32243
0.676636 0.327103
0.680374 0.33271
0.684112 0.339252
0.686916 0.34486
0.690654 0.349533
0.695327 0.353271
0.698131 0.358879
0.701869 0.363551
0.704673 0.369159
0.708411 0.373832
0.713084 0.378505
0.716822 0.384112
0.720561 0.388785
0.725234 0.392523
0.729907 0.396262
0.736449 0.399065
0.742056 0.402804
0.748598 0.404673
0.754206 0.407477
0.761682 0.408411
0.76729 0.409346
0.772897 0.41028
0.778505 0.411215
0.785047 0.41215
0.791589 0.414019
0.798131 0.415888
0.804673 0.417757
0.809346 0.419626
0.816822 0.420561
0.82243 0.423364
27
0.935514 0.451402
0.935514 0.457009
0.936449 0.463551
0.937383 0.469159
0.938318 0.475701
0.940187 0.480374
0.941121 0.486916
0.942991 0.492523
0.945794 0.498131
0.948598 0.504673
0.950467 0.509346
0.952336 0.516822
0.954206 0.524299
0.956075 0.529907
0.957944 0.534579
0.958879 0.542056
0.960748 0.547664
0.963551 0.552336
0.966355 0.557009
0.968224 0.561682
0.969159 0.568224
0.969159 0.573832
0.968224 0.579439
0.968224 0.585047
0.968224 0.590654
0.969159 0.596262
0.969159 0.601869
27
0.915888 0.396262
0.914953 0.38972
0.914953 0.383178
0.915888 0.376636
0.915888 0.370093
0.914953 0.364486
0.914953 0.358879
0.915888 0.353271
0.915888 0.346729
0.915888 0.341121
0.914953 0.335514
0.914953 0.329907
0.914019 0.323364
0.914019 0.317757
0.914019 0.311215
0.913084 0.304673
0.913084 0.298131
0.91215 0.292523
0.913084 0.285981
0.91215 0.279439
0.91215 0.271963
0.911215 0.265421
0.911215 0.259813
0.91028 0.253271
0.908411 0.248598
0.906542 0.242991
0.906542 0.235514

4
2
0 2 
2
1 8 
3
3 4 6 
3
5 7 9 

0 2 4 6 8 10 12 14 16 18
