33
20
0.353009 0.903935
0.356481 0.908565
0.361111 0.912037
0.365741 0.914352
0.372685 0.915509
0.378472 0.916667
0.384259 0.918981
0.390046 0.921296
0.395833 0.924769
0.400463 0.927083
0.407407 0.928241
0.413194 0.927083
0.418981 0.927083
0.425926 0.927083
0.43287 0.925926
0.439815 0.924769
0.445602 0.923611
0.452546 0.921296
0.458333 0.918981
0.462963 0.916667
7
0.33912 0.850694
0.334491 0.846065
0.333333 0.840278
0.332176 0.834491
0.332176 0.827546
0.333333 0.821759
0.333333 0.814815
13
0.269676 0.78125
0.27662 0.78125
0.282407 0.780093
0.289352 0.778935
0.295139 0.777778
0.302083 0.777778
0.30787 0.77662
0.313657 0.777778
0.320602 0.777778
0.327546 0.777778
0.334491 0.77662
0.341435 0.77662
0.34838 0.77662
25
0.373843 0.792824
0.380787 0.792824
0.387731 0.792824
0.394676 0.793981
0.40162 0.793981
0.409722 0.795139
0.415509 0.795139
0.421296 0.793981
0.427083 0.793981
0.43287 0.793981
0.438657 0.795139
0.445602 0.797454
0.452546 0.797454
0.458333 0.797454
0.466435 0.797454
0.472222 0.798611
0.479167 0.798611
0.486111 0.798611
0.491898 0.798611
0.497685 0.797454
0.505787 0.797454
0.511574 0.798611
0.519676 0.798611
0.525463 0.797454
0.53125 0.797454
15
0.561343 0.796296
0.56713 0.797454
0.574074 0.798611
0.581019 0.798611
0.587963 0.798611
0.594907 0.798611
0.600694 0.797454
0.607639 0.797454
0.614583 0.798611
0.62037 0.799769
0.626157 0.800926
0.631944 0.799769
0.638889 0.799769
0.644676 0.798611
0.65162 0.798611
28
0.466435 0.864583
0.466435 0.87037
0.467593 0.877315
0.469907 0.881944
0.472222 0.886574
0.474537 0.892361
0.476852 0.896991
0.479167 0.902778
0.481481 0.908565
0.486111 0.913194
0.490741 0.916667
0.49537 0.920139
0.501157 0.922454
0.506944 0.924769
0.512731 0.927083
0.518519 0.928241
0.524306 0.930556
0.530093 0.930556
0.538194 0.931713
0.543981 0.931713
0.552083 0.931713
0.559028 0.930556
0.56713 0.929398
0.572917 0.927083
0.578704 0.925926
0.584491 0.922454
0.58912 0.917824
0.59375 0.913194
10
0.611111 0.880787
0.614583 0.876157
0.616898 0.871528
0.619213 0.866898
0.62037 0.861111
0.621528 0.855324
0.622685 0.849537
0.622685 0.842593
0.621528 0.836806
0.621528 0.829861
21
0.247685 0.78588
0.253472 0.784722
0.259259 0.782407
0.263889 0.778935
0.269676 0.775463
0.274306 0.771991
0.278935 0.768519
0.284722 0.765046
0.290509 0.763889
0.296296 0.762731
0.302083 0.759259
0.306713 0.755787
0.311343 0.752315
0.315972 0.748843
0.320602 0.746528
0.327546 0.74537
0.333333 0.744213
0.33912 0.743056
0.344907 0.739583
0.349537 0.737269
0.355324 0.736111
20
0.386574 0.746528
0.392361 0.75
0.399306 0.751157
0.403935 0.753472
0.409722 0.75463
0.415509 0.755787
0.420139 0.758102
0.425926 0.759259
0.43287 0.760417
0.438657 0.761574
0.444444 0.762731
0.450231 0.763889
0.457176 0.765046
0.462963 0.766204
0.46875 0.768519
0.47338 0.770833
0.480324 0.771991
0.486111 0.773148
0.491898 0.774306
0.498843 0.773148
16
0.524306 0.761574
0.530093 0.756944
0.534722 0.752315
0.539352 0.746528
0.543981 0.740741
0.547454 0.736111
0.550926 0.731481
0.555556 0.726852
0.560185 0.72338
0.565972 0.719907
0.571759 0.71875
0.578704 0.721065
0.583333 0.724537
0.587963 0.730324
0.58912 0.737269
0.58912 0.744213
27
0.358796 0.726852
0.357639 0.71875
0.357639 0.712963
0.357639 0.706019
0.357639 0.700231
0.357639 0.694444
0.356481 0.6875
0.357639 0.680556
0.359954 0.675926
0.362269 0.671296
0.364583 0.665509
0.368056 0.658565
0.37037 0.653935
0.371528 0.646991
0.373843 0.641204
0.376157 0.635417
0.378472 0.630787
0.380787 0.626157
0.383102 0.621528
0.387731 0.615741
0.391204 0.611111
0.393519 0.606481
0.394676 0.59838
0.393519 0.591435
0.391204 0.584491
0.388889 0.577546
0.387731 0.571759
28
0.354167 0.545139
0.350694 0.540509
0.347222 0.53588
0.34375 0.528935
0.340278 0.521991
0.337963 0.516204
0.335648 0.511574
0.333333 0.505787
0.329861 0.501157
0.325231 0.496528
0.321759 0.491898
0.318287 0.487269
0.314815 0.480324
0.313657 0.474537
0.3125 0.467593
0.311343 0.461806
0.310185 0.454861
0.30787 0.450231
0.305556 0.445602
0.304398 0.4375
0.304398 0.429398
0.305556 0.422454
0.305556 0.414352
0.305556 0.407407
0.305556 0.400463
0.30787 0.394676
0.310185 0.390046
0.3125 0.385417
13
0.327546 0.347222
0.331019 0.342593
0.333333 0.337963
0.335648 0.332176
0.33912 0.327546
0.342593 0.322917
0.347222 0.318287
0.351852 0.313657
0.355324 0.309028
0.358796 0.304398
0.363426 0.300926
0.368056 0.298611
0.373843 0.296296
41
0.399306 0.290509
0.402778 0.28588
0.407407 0.28125
0.408565 0.274306
0.407407 0.268519
0.403935 0.262731
0.399306 0.258102
0.394676 0.253472
0.388889 0.25
0.384259 0.24537
0.380787 0.239583
0.37963 0.232639
0.378472 0.226852
0.37963 0.219907
0.383102 0.21412
0.387731 0.208333
0.394676 0.203704
0.399306 0.201389
0.405093 0.199074
0.41088 0.197917
0.416667 0.194444
0.422454 0.19213
0.430556 0.190972
0.436343 0.189815
0.444444 0.188657
0.450231 0.1875
0.457176 0.1875
0.462963 0.1875
0.46875 0.1875
0.475694 0.1875
0.481481 0.186343
0.488426 0.186343
0.49537 0.185185
0.502315 0.185185
0.508102 0.184028
0.513889 0.185185
0.519676 0.185185
0.52662 0.185185
0.532407 0.184028
0.539352 0.184028
0.545139 0.184028
25
0.581019 0.180556
0.58912 0.181713
0.594907 0.18287
0.600694 0.186343
0.605324 0.189815
0.609954 0.195602
0.608796 0.202546
0.608796 0.209491
0.606481 0.215278
0.605324 0.221065
0.601852 0.226852
0.599537 0.231481
0.596065 0.237269
0.59375 0.241898
0.58912 0.246528
0.584491 0.251157
0.578704 0.253472
0.571759 0.256944
0.56713 0.262731
0.563657 0.267361
0.561343 0.271991
0.561343 0.278935
0.560185 0.284722
0.561343 0.291667
0.564815 0.297454
27
0.582176 0.321759
0.584491 0.326389
0.586806 0.331019
0.591435 0.335648
0.596065 0.340278
0.600694 0.344907
0.604167 0.350694
0.607639 0.355324
0.609954 0.361111
0.612269 0.365741
0.614583 0.371528
0.616898 0.377315
0.619213 0.381944
0.621528 0.386574
0.623843 0.391204
0.626157 0.396991
0.627315 0.402778
0.628472 0.408565
0.628472 0.414352
0.628472 0.420139
0.62963 0.425926
0.62963 0.43287
0.628472 0.438657
0.627315 0.445602
0.626157 0.451389
0.622685 0.456019
0.618056 0.459491
7
0.585648 0.490741
0.579861 0.494213
0.575231 0.498843
0.570602 0.503472
0.568287 0.508102
0.563657 0.512731
0.561343 0.517361
30
0.561343 0.549769
0.55787 0.555556
0.555556 0.560185
0.553241 0.565972
0.549769 0.572917
0.547454 0.578704
0.546296 0.584491
0.545139 0.590278
0.542824 0.597222
0.540509 0.603009
0.540509 0.608796
0.540509 0.614583
0.540509 0.62037
0.541667 0.626157
0.542824 0.634259
0.545139 0.640046
0.547454 0.646991
0.549769 0.652778
0.552083 0.659722
0.555556 0.665509
0.559028 0.670139
0.563657 0.673611
0.569444 0.677083
0.575231 0.681713
0.579861 0.685185
0.584491 0.6875
0.590278 0.690972
0.594907 0.694444
0.599537 0.697917
0.605324 0.702546
19
0.353009 0.668981
0.347222 0.667824
0.340278 0.666667
0.334491 0.667824
0.327546 0.667824
0.322917 0.665509
0.318287 0.663194
0.3125 0.658565
0.30787 0.65625
0.302083 0.653935
0.296296 0.649306
0.292824 0.644676
0.288194 0.640046
0.284722 0.634259
0.28125 0.628472
0.278935 0.622685
0.277778 0.615741
0.27662 0.608796
0.27662 0.601852
17
0.248843 0.561343
0.25 0.555556
0.252315 0.549769
0.25463 0.545139
0.256944 0.539352
0.260417 0.534722
0.262731 0.528935
0.265046 0.524306
0.267361 0.519676
0.270833 0.515046
0.273148 0.510417
0.275463 0.505787
0.277778 0.5
0.280093 0.494213
0.282407 0.489583
0.284722 0.483796
0.28588 0.478009
12
0.380787 0.614583
0.375 0.615741
0.369213 0.616898
0.363426 0.618056
0.357639 0.619213
0.351852 0.616898
0.347222 0.613426
0.344907 0.608796
0.342593 0.604167
0.342593 0.597222
0.341435 0.591435
0.341435 0.585648
9
0.313657 0.55787
0.315972 0.553241
0.319444 0.548611
0.322917 0.542824
0.326389 0.538194
0.328704 0.533565
0.332176 0.528935
0.333333 0.523148
0.334491 0.517361
47
0.290509 0.186343
0.283565 0.1875
0.27662 0.1875
0.270833 0.188657
0.266204 0.19213
0.260417 0.194444
0.255787 0.196759
0.25 0.200231
0.244213 0.203704
0.239583 0.208333
0.234954 0.211806
0.231481 0.216435
0.228009 0.221065
0.224537 0.226852
0.221065 0.232639
0.21875 0.238426
0.217593 0.24537
0.21875 0.252315
0.221065 0.260417
0.222222 0.266204
0.224537 0.271991
0.226852 0.27662
0.230324 0.282407
0.234954 0.288194
0.240741 0.293981
0.24537 0.299769
0.248843 0.304398
0.252315 0.309028
0.258102 0.3125
0.263889 0.315972
0.269676 0.31713
0.27662 0.318287
0.282407 0.319444
0.288194 0.321759
0.293981 0.322917
0.299769 0.322917
0.305556 0.322917
0.3125 0.320602
0.318287 0.319444
0.324074 0.318287
0.328704 0.315972
0.333333 0.313657
0.337963 0.310185
0.342593 0.306713
0.346065 0.302083
0.350694 0.296296
0.354167 0.291667
14
0.377315 0.271991
0.378472 0.265046
0.37963 0.259259
0.378472 0.252315
0.377315 0.246528
0.376157 0.240741
0.373843 0.234954
0.372685 0.229167
0.37037 0.224537
0.369213 0.21875
0.365741 0.21412
0.362269 0.209491
0.356481 0.207176
0.350694 0.206019
16
0.614583 0.259259
0.609954 0.253472
0.609954 0.246528
0.609954 0.240741
0.611111 0.233796
0.611111 0.228009
0.611111 0.221065
0.613426 0.215278
0.615741 0.209491
0.618056 0.203704
0.62037 0.197917
0.622685 0.193287
0.619213 0.197917
0.622685 0.190972
0.626157 0.184028
0.62963 0.178241
11
0.626157 0.292824
0.627315 0.298611
0.62963 0.303241
0.634259 0.30787
0.638889 0.311343
0.643519 0.313657
0.648148 0.315972
0.652778 0.318287
0.658565 0.319444
0.665509 0.319444
0.672454 0.319444
45
0.695602 0.305556
0.702546 0.303241
0.708333 0.302083
0.71412 0.299769
0.719907 0.296296
0.725694 0.292824
0.730324 0.288194
0.736111 0.284722
0.740741 0.28125
0.74537 0.277778
0.751157 0.271991
0.753472 0.267361
0.755787 0.261574
0.758102 0.256944
0.760417 0.252315
0.762731 0.247685
0.763889 0.241898
0.765046 0.233796
0.763889 0.228009
0.763889 0.221065
0.762731 0.215278
0.762731 0.208333
0.761574 0.201389
0.760417 0.194444
0.759259 0.1875
0.756944 0.18287
0.75463 0.177083
0.752315 0.171296
0.75 0.165509
0.746528 0.16088
0.740741 0.15625
0.736111 0.153935
0.730324 0.150463
0.724537 0.148148
0.71875 0.146991
0.711806 0.148148
0.706019 0.149306
0.699074 0.148148
0.69213 0.146991
0.686343 0.146991
0.679398 0.148148
0.673611 0.146991
0.667824 0.146991
0.66088 0.148148
0.653935 0.150463
14
0.168981 0.101852
0.174769 0.104167
0.180556 0.105324
0.186343 0.106481
0.193287 0.106481
0.200231 0.106481
0.207176 0.106481
0.212963 0.107639
0.21875 0.108796
0.224537 0.107639
0.231481 0.106481
0.238426 0.106481
0.244213 0.105324
0.25 0.106481
46
0.300926 0.12037
0.306713 0.122685
0.313657 0.123843
0.320602 0.125
0.328704 0.125
0.335648 0.125
0.341435 0.125
0.34838 0.125
0.354167 0.123843
0.359954 0.123843
0.365741 0.123843
0.373843 0.123843
0.381944 0.125
0.387731 0.125
0.394676 0.126157
0.40162 0.126157
0.407407 0.125
0.414352 0.125
0.420139 0.125
0.427083 0.123843
0.43287 0.123843
0.438657 0.122685
0.444444 0.122685
0.452546 0.123843
0.460648 0.123843
0.46875 0.123843
0.474537 0.123843
0.481481 0.122685
0.488426 0.122685
0.49537 0.121528
0.502315 0.121528
0.508102 0.122685
0.515046 0.122685
0.523148 0.121528
0.53125 0.121528
0.539352 0.121528
0.545139 0.121528
0.550926 0.121528
0.556713 0.121528
0.5625 0.12037
0.569444 0.12037
0.575231 0.12037
0.582176 0.121528
0.58912 0.121528
0.594907 0.12037
0.600694 0.12037
24
0.648148 0.105324
0.653935 0.106481
0.662037 0.107639
0.668981 0.107639
0.675926 0.108796
0.68287 0.108796
0.689815 0.109954
0.695602 0.109954
0.701389 0.111111
0.709491 0.111111
0.717593 0.111111
0.72338 0.112269
0.730324 0.112269
0.736111 0.113426
0.743056 0.113426
0.75 0.114583
0.756944 0.114583
0.763889 0.114583
0.770833 0.114583
0.77662 0.113426
0.784722 0.113426
0.791667 0.114583
0.797454 0.114583
0.803241 0.114583
10
0.181713 0.0775463
0.1875 0.0798611
0.193287 0.0810185
0.200231 0.0810185
0.207176 0.0798611
0.21412 0.0798611
0.219907 0.0787037
0.226852 0.0787037
0.233796 0.0787037
0.239583 0.0798611
49
0.295139 0.0925926
0.300926 0.09375
0.30787 0.09375
0.314815 0.0949074
0.320602 0.0949074
0.327546 0.0949074
0.333333 0.0949074
0.340278 0.0949074
0.346065 0.09375
0.353009 0.09375
0.358796 0.0925926
0.366898 0.0925926
0.372685 0.09375
0.378472 0.09375
0.385417 0.0949074
0.391204 0.0960648
0.396991 0.0960648
0.402778 0.0972222
0.408565 0.0972222
0.415509 0.0983796
0.421296 0.0983796
0.428241 0.0983796
0.434028 0.0983796
0.440972 0.0983796
0.446759 0.0972222
0.453704 0.0972222
0.459491 0.0983796
0.465278 0.099537
0.471065 0.100694
0.478009 0.101852
0.486111 0.101852
0.493056 0.100694
0.5 0.100694
0.505787 0.099537
0.512731 0.099537
0.518519 0.0983796
0.525463 0.099537
0.53125 0.100694
0.538194 0.101852
0.545139 0.101852
0.550926 0.100694
0.556713 0.100694
0.5625 0.099537
0.568287 0.099537
0.574074 0.099537
0.581019 0.0983796
0.587963 0.0983796
0.594907 0.0972222
0.601852 0.0972222
25
0.648148 0.0833333
0.653935 0.0856481
0.659722 0.0856481
0.666667 0.0856481
0.674769 0.0856481
0.681713 0.0856481
0.688657 0.0856481
0.694444 0.0868056
0.702546 0.0856481
0.708333 0.0844907
0.71412 0.0844907
0.719907 0.0844907
0.726852 0.0856481
0.733796 0.0856481
0.739583 0.0856481
0.746528 0.0856481
0.753472 0.0856481
0.761574 0.0856481
0.767361 0.0856481
0.773148 0.0856481
0.780093 0.0856481
0.787037 0.0856481
0.793981 0.0856481
0.802083 0.0868056
0.809028 0.0868056

9
4
0 3 5 8 
6
1 2 7 10 18 20 
4
4 6 9 17 
4
11 16 19 21 
4
12 22 27 30 
4
13 23 28 31 
2
14 24 
2
15 25 
3
26 29 32 

0 2 5 6 7 8
11 12 
15 16 17 18
21 22 23 24 25 26 27 28 29 30 31 32 33 34
37 38 41 42
44 45 46 47

48 49 50 51 52 53

55 56 57 58
61 62 63 64


