17
22
0.0788224 0.488129
0.0769231 0.482431
0.0740741 0.475783
0.0721747 0.470085
0.0702754 0.465337
0.0693257 0.45774
0.0674264 0.451092
0.0664767 0.443495
0.0664767 0.437797
0.0655271 0.431149
0.0664767 0.425451
0.0664767 0.419753
0.0664767 0.414055
0.0674264 0.406458
0.0693257 0.401709
0.0702754 0.396011
0.0721747 0.390313
0.0740741 0.385565
0.0750237 0.379867
0.0769231 0.374169
0.0788224 0.369421
0.0807217 0.363723
21
0.103514 0.550807
0.106363 0.555556
0.110161 0.560304
0.11396 0.565052
0.117759 0.569801
0.120608 0.575499
0.122507 0.581197
0.125356 0.586895
0.129155 0.593542
0.132953 0.598291
0.136752 0.603989
0.140551 0.608737
0.144349 0.613485
0.148148 0.617284
0.151947 0.622032
0.155745 0.625831
0.159544 0.630579
0.163343 0.634378
0.167142 0.640076
0.17094 0.644824
0.174739 0.648623
22
0.277303 0.183286
0.271605 0.183286
0.265907 0.182336
0.25831 0.182336
0.251662 0.183286
0.245964 0.183286
0.239316 0.184236
0.233618 0.184236
0.226971 0.185185
0.221273 0.185185
0.215575 0.186135
0.209877 0.186135
0.203229 0.186135
0.196581 0.187085
0.190883 0.187085
0.185185 0.188034
0.178538 0.188034
0.17094 0.187085
0.165242 0.187085
0.159544 0.188034
0.153846 0.188034
0.148148 0.186135
22
0.281102 0.145299
0.275404 0.146249
0.269706 0.147198
0.262108 0.147198
0.255461 0.146249
0.249763 0.146249
0.243115 0.147198
0.237417 0.147198
0.230769 0.146249
0.225071 0.146249
0.218424 0.147198
0.212726 0.146249
0.206078 0.146249
0.19943 0.147198
0.193732 0.147198
0.188034 0.148148
0.182336 0.148148
0.175689 0.147198
0.169991 0.147198
0.163343 0.148148
0.157645 0.148148
0.150997 0.147198
20
0.320988 0.205128
0.325736 0.207028
0.332384 0.207977
0.338082 0.208927
0.34378 0.208927
0.349478 0.208927
0.355176 0.207977
0.361823 0.207977
0.369421 0.208927
0.375119 0.208927
0.381766 0.207977
0.387464 0.208927
0.394112 0.208927
0.401709 0.209877
0.408357 0.209877
0.415954 0.208927
0.422602 0.207977
0.4283 0.207977
0.433998 0.207028
0.439696 0.207028
23
0.325736 0.169041
0.332384 0.169041
0.339031 0.169991
0.344729 0.169991
0.351377 0.169041
0.357075 0.169041
0.363723 0.168091
0.369421 0.169041
0.375119 0.168091
0.380817 0.168091
0.387464 0.167142
0.393162 0.167142
0.39981 0.167142
0.406458 0.166192
0.412156 0.166192
0.418803 0.165242
0.424501 0.166192
0.431149 0.165242
0.436847 0.165242
0.443495 0.164292
0.449193 0.164292
0.454891 0.165242
0.460589 0.165242
19
0.377018 0.705603
0.374169 0.711301
0.37227 0.717949
0.37037 0.722697
0.368471 0.729345
0.365622 0.735043
0.362773 0.740741
0.358974 0.745489
0.355176 0.749288
0.352327 0.754036
0.348528 0.757835
0.344729 0.763533
0.34283 0.768281
0.34283 0.773979
0.34283 0.779677
0.34378 0.786325
0.344729 0.792023
0.346629 0.797721
0.348528 0.802469
22
0.421652 0.668566
0.424501 0.662868
0.42735 0.65717
0.431149 0.651472
0.433998 0.646724
0.435897 0.641975
0.439696 0.636277
0.442545 0.631529
0.446344 0.625831
0.449193 0.620133
0.452991 0.615385
0.45584 0.610636
0.459639 0.606838
0.463438 0.60114
0.467236 0.596391
0.470085 0.591643
0.473884 0.586895
0.476733 0.582146
0.480532 0.577398
0.48433 0.57265
0.487179 0.567901
0.490028 0.563153
22
0.634378 0.107312
0.62868 0.109212
0.622982 0.110161
0.615385 0.110161
0.608737 0.111111
0.603039 0.112061
0.597341 0.11301
0.590693 0.11491
0.584046 0.115859
0.578348 0.116809
0.57075 0.116809
0.563153 0.117759
0.557455 0.117759
0.550807 0.118708
0.54321 0.117759
0.536562 0.118708
0.529915 0.117759
0.524217 0.117759
0.517569 0.116809
0.511871 0.116809
0.506173 0.116809
0.500475 0.116809
22
0.660969 0.158594
0.655271 0.159544
0.649573 0.160494
0.641975 0.159544
0.635328 0.160494
0.62868 0.160494
0.622032 0.161443
0.616334 0.160494
0.610636 0.161443
0.604938 0.161443
0.598291 0.162393
0.591643 0.161443
0.585945 0.161443
0.579297 0.162393
0.573599 0.162393
0.566952 0.163343
0.561254 0.163343
0.554606 0.162393
0.548908 0.162393
0.54321 0.163343
0.537512 0.163343
0.530864 0.164292
21
0.680912 0.19943
0.675214 0.20038
0.669516 0.20133
0.661918 0.20038
0.655271 0.20133
0.649573 0.20133
0.642925 0.202279
0.636277 0.202279
0.62868 0.20133
0.622982 0.20038
0.616334 0.19943
0.608737 0.198481
0.603039 0.198481
0.596391 0.197531
0.589744 0.198481
0.582146 0.198481
0.576448 0.19943
0.569801 0.19943
0.563153 0.20038
0.557455 0.20038
0.550807 0.20133
23
0.736942 0.140551
0.74359 0.140551
0.750237 0.1415
0.755935 0.1415
0.762583 0.140551
0.768281 0.140551
0.773979 0.1415
0.779677 0.1415
0.786325 0.14245
0.792023 0.14245
0.79867 0.14245
0.804368 0.1415
0.811016 0.1415
0.817664 0.140551
0.823362 0.140551
0.830009 0.1415
0.835708 0.1415
0.842355 0.140551
0.848053 0.140551
0.854701 0.1415
0.860399 0.1415
0.866097 0.140551
0.871795 0.140551
23
0.746439 0.184236
0.753086 0.184236
0.759734 0.185185
0.765432 0.185185
0.77208 0.184236
0.777778 0.184236
0.784425 0.185185
0.790123 0.185185
0.796771 0.186135
0.802469 0.186135
0.809117 0.185185
0.814815 0.185185
0.821462 0.186135
0.82811 0.187085
0.833808 0.187085
0.839506 0.188034
0.845204 0.187085
0.850902 0.188034
0.8566 0.188034
0.863248 0.188984
0.868946 0.188984
0.875594 0.188034
0.881292 0.188034
20
0.761633 0.554606
0.755935 0.557455
0.749288 0.559354
0.74359 0.559354
0.736942 0.559354
0.731244 0.559354
0.725546 0.557455
0.720798 0.554606
0.716049 0.552707
0.711301 0.549858
0.706553 0.547958
0.701804 0.545109
0.696106 0.54321
0.691358 0.540361
0.68661 0.536562
0.681861 0.532764
0.677113 0.529915
0.672365 0.526116
0.667616 0.523267
0.662868 0.519468
20
0.77208 0.509022
0.766382 0.507123
0.760684 0.506173
0.754986 0.507123
0.749288 0.508072
0.74264 0.509022
0.736942 0.509972
0.731244 0.510921
0.725546 0.511871
0.719848 0.512821
0.71415 0.51377
0.706553 0.51472
0.700855 0.51472
0.695157 0.51567
0.689459 0.516619
0.683761 0.518519
0.678063 0.519468
0.672365 0.519468
0.666667 0.518519
0.660969 0.517569
22
0.779677 0.645774
0.773029 0.648623
0.766382 0.651472
0.760684 0.653371
0.755935 0.655271
0.750237 0.65622
0.74264 0.65717
0.735992 0.65812
0.730294 0.65812
0.724596 0.659069
0.718898 0.659069
0.712251 0.660019
0.706553 0.660019
0.699905 0.660969
0.694207 0.660969
0.687559 0.661918
0.681861 0.660969
0.675214 0.660969
0.668566 0.660019
0.662868 0.660019
0.65622 0.659069
0.650522 0.659069
23
0.834758 0.583096
0.838557 0.578348
0.841406 0.573599
0.845204 0.567901
0.849003 0.563153
0.852802 0.558405
0.855651 0.553656
0.859449 0.548908
0.862298 0.54416
0.866097 0.538462
0.869896 0.533713
0.872745 0.528965
0.875594 0.524217
0.878443 0.518519
0.881292 0.512821
0.883191 0.508072
0.88604 0.503324
0.888889 0.498575
0.891738 0.492877
0.894587 0.487179
0.896486 0.481481
0.899335 0.476733
0.902184 0.470085

4

3
0 2 3 
2
1 6 
9
4 5 7 8 9 10 13 14 15 
3
11 12 16 


0 2 4 6 8 10 12 14 16 18 
20 22 24 26 28 30 32 
