12
22
0.0711205 0.356269
0.06922 0.361966
0.0673196 0.366714
0.065419 0.372411
0.0644682 0.378109
0.0625678 0.382857
0.0606673 0.388554
0.0597164 0.394252
0.0578161 0.399001
0.0568648 0.406598
0.0568636 0.412296
0.0568624 0.417994
0.0559115 0.423691
0.0568597 0.43034
0.0568585 0.436038
0.0578066 0.443635
0.0597045 0.450283
0.0606526 0.45788
0.0625509 0.462629
0.0644491 0.468327
0.0672967 0.474976
0.0691947 0.480674
21
0.101356 0.551042
0.1042 0.555794
0.107992 0.560547
0.111786 0.565299
0.115579 0.570052
0.118422 0.575754
0.120314 0.581454
0.123157 0.587155
0.126948 0.593806
0.130741 0.59856
0.134533 0.604262
0.138327 0.609015
0.142119 0.613767
0.145914 0.61757
0.149707 0.622323
0.153501 0.626126
0.157295 0.630878
0.161089 0.634682
0.164882 0.640384
0.168674 0.645136
0.172469 0.64894
22
0.26774 0.175873
0.262042 0.175872
0.256344 0.174921
0.248747 0.174919
0.242099 0.175868
0.236401 0.175867
0.229753 0.176815
0.224055 0.176814
0.217408 0.177762
0.21171 0.177761
0.206011 0.178709
0.200313 0.178708
0.193665 0.178707
0.187017 0.179655
0.181319 0.179654
0.175621 0.180602
0.168974 0.1806
0.161376 0.17965
0.155678 0.179649
0.14998 0.180596
0.144282 0.180595
0.138584 0.178695
20
0.431737 0.177344
0.426039 0.177296
0.420333 0.178196
0.414635 0.178147
0.407979 0.17904
0.400375 0.179925
0.393727 0.179868
0.386138 0.178854
0.37949 0.178797
0.373801 0.177798
0.367146 0.178691
0.361448 0.178642
0.353859 0.177627
0.347212 0.177571
0.341506 0.178472
0.335808 0.178423
0.33011 0.178374
0.324421 0.177376
0.317781 0.17637
0.313049 0.174429
19
0.374682 0.706152
0.371827 0.711846
0.36992 0.718492
0.368015 0.723238
0.366108 0.729884
0.363253 0.735578
0.360397 0.741273
0.356593 0.746017
0.35279 0.749812
0.349936 0.754556
0.346133 0.758351
0.342327 0.764045
0.340423 0.76879
0.340416 0.774488
0.34041 0.780186
0.341352 0.786835
0.342294 0.792534
0.344188 0.798235
0.346081 0.802985
22
0.479021 0.533887
0.476131 0.53861
0.473242 0.543335
0.469403 0.54805
0.465564 0.552766
0.462674 0.55749
0.458835 0.562205
0.455946 0.566929
0.452107 0.571645
0.448259 0.57731
0.444428 0.581076
0.441539 0.5858
0.4377 0.590516
0.434802 0.596189
0.430955 0.601854
0.428065 0.606578
0.424218 0.612243
0.422278 0.616976
0.419389 0.621699
0.415541 0.627364
0.412643 0.633038
0.409746 0.638711
22
0.653416 0.130805
0.64771 0.131706
0.642004 0.132607
0.634415 0.131592
0.62776 0.132485
0.621112 0.132429
0.614456 0.133321
0.608766 0.132323
0.60306 0.133223
0.597363 0.133174
0.590708 0.134068
0.584068 0.133061
0.57837 0.133012
0.571714 0.133905
0.566017 0.133856
0.559362 0.13475
0.553664 0.134701
0.547024 0.133694
0.541327 0.133645
0.535621 0.134546
0.529923 0.134498
0.523267 0.13539
21
0.673009 0.17181
0.667303 0.172711
0.661597 0.173612
0.654008 0.172597
0.647353 0.173491
0.641655 0.173442
0.634999 0.174334
0.628351 0.174277
0.620763 0.173263
0.615073 0.172264
0.608433 0.171258
0.600845 0.170244
0.595147 0.170195
0.588507 0.169188
0.581852 0.170081
0.574255 0.170016
0.568549 0.170916
0.561902 0.17086
0.555246 0.171753
0.549548 0.171704
0.542892 0.172597
23
0.869194 0.131468
0.863496 0.131467
0.857798 0.132414
0.8521 0.132412
0.845452 0.131461
0.839754 0.131459
0.833107 0.132406
0.827408 0.132404
0.820761 0.131453
0.815063 0.131452
0.808415 0.132399
0.801767 0.132396
0.796069 0.133345
0.789422 0.133343
0.783724 0.133341
0.777076 0.132389
0.771378 0.132387
0.76568 0.131436
0.759982 0.131435
0.753334 0.132382
0.747636 0.13238
0.740989 0.131429
0.734341 0.131427
23
0.878677 0.178954
0.872979 0.178952
0.86633 0.1799
0.860632 0.179899
0.853985 0.178947
0.848287 0.178945
0.842589 0.177994
0.836891 0.178941
0.831193 0.177991
0.825495 0.177989
0.818847 0.177037
0.8122 0.176085
0.806502 0.176083
0.799854 0.177031
0.794156 0.177029
0.787508 0.176077
0.78181 0.176075
0.775164 0.175124
0.769466 0.175123
0.762818 0.176069
0.75712 0.176068
0.750472 0.175117
0.743825 0.175115
22
0.767953 0.618982
0.761281 0.621774
0.754609 0.624566
0.748895 0.626417
0.74413 0.628276
0.738424 0.629176
0.73082 0.630061
0.724164 0.630954
0.718466 0.630905
0.71276 0.631806
0.707062 0.631757
0.700407 0.63265
0.69471 0.632601
0.688054 0.633494
0.682356 0.633446
0.6757 0.634338
0.67001 0.63334
0.663364 0.633283
0.656724 0.632276
0.651026 0.632228
0.644387 0.631221
0.638689 0.631172
23
0.899482 0.461012
0.896631 0.467659
0.89378 0.472406
0.891879 0.478103
0.889029 0.4838
0.886178 0.489498
0.883327 0.494246
0.880477 0.498993
0.878576 0.503741
0.875726 0.509438
0.872875 0.515135
0.870024 0.519883
0.867174 0.52463
0.863374 0.529378
0.859573 0.535074
0.856722 0.539821
0.852923 0.544568
0.850072 0.549316
0.846272 0.554063
0.842471 0.55881
0.838672 0.564507
0.835821 0.569255
0.832021 0.574002
